224
-186
-172
-62
30
-2
-14
-112
110
176
118
8
94
-10
106
62
-12
-142
108
-12
-180
-10
62
-134
-42
14
-200
34
-80
54
-146
70
62
-182
-74
-14
-20
44
230
-126
22
158
20
68
234
-20
-98
54
-110
-150
-82
60
26
42
-170
-104
-106
-82
84
-80
-42
136
178
70
-32
-72
234
-32
36
114
98
12
-202
-240
22
-152
-16
104
-32
-78
-90
-54
30
-120
-90
38
-178
140
-32
-86
-38
116
-92
-304
108
10
-86
-60
-116
-146
-10
-4
82
120
12
-114
-128
30
160
132
98
164
-22
-14
-6
56
82
246
-58
154
-14
-70
106
-102
-22
80
90
100
34
20
-144
26
-28
-36
50
120
26
-124
-330
-26
20
-20
2
-266
-70
134
66
82
-12
222
-110
-46
-122
-22
98
198
-138
42
4
48
92
216
-88
126
26
-124
52
102
186
34
-76
-14
-28
96
-2
10
18
26
82
50
22
20
60
-6
-152
-54
6
-198
-2
94
12
-6
-66
50
142
2
36
30
4
-42
-24
162
-28
-112
-152
-66
-166
52
-74
66
-174
-132
-2
-94
-30
-46
-34
168
90
134
30
48
148
-54
-76
56
220
22
2
-140
104
-148
-20
-62
-22
104
-110
30
74
60
46
6
-204
-162
-188
26
150
-112
-138
-74
36
38
152
120
38
32
-34
-38
30
-72
90
-28
-78
-36
84
-46
78
-20
-248
12
44
2
12
-88
-22
66
-30
18
142
-34
-136
58
-22
64
62
-86
114
-24
-200
-80
-62
82
-36
2
-20
-62
-102
-98
-164
-48
-86
20
-4
106
-36
30
56
8
80
90
68
164
30
-48
60
-114
-144
-124
-24
58
-2
52
118
122
132
102
-48
130
-2
-80
-134
-72
-30
28
-34
-52
96
140
44
-66
68
-78
100
174
-70
104
-78
102
-92
8
48
-184
-10
72
-60
10
8
152
48
-94
-16
128
22
-40
88
-78
68
72
-98
108
-82
-96
-82
-76
78
40
132
-32
-36
276
-72
-100
-48
72
138
46
98
-86
-110
-2
-48
-154
-164
-122
72
-10
-110
-12
22
36
-298
58
-20
76
-154
-50
118
-64
128
196
14
98
-34
14
60
-184
112
112
-38
-24
118
-238
80
66
-6
120
104
176
-90
-58
-182
28
78
-186
68
102
-170
112
66
2
-38
-10
86
70
-58
106
-82
14
112
-158
106
-44
-86
64
-122
128
20
-6
90
-40
0
40
38
10
-120
-68
58
102
-176
12
-58
74
-22
-34
-292
-12
0
-240
-120
220
-140
78
58
-122
72
4
4
22
18
-88
98
-122
-86
-88
4
70
-132
-34
80
-204
-104
-120
-64
28
64
-44
-24
-52
-118
0
48
-28
182
-124
-38
12
-66
154
-4
76
60
-62
-36
-54
-64
-30
2
124
-166
248
16
154
-70
94
28
-196
68
112
-22
-88
200
62
-108
192
-52
-26
-18
-30
-142
122
-100
-96
76
-100
2
-10
120
-48
-132
-48
-70
2
164
-12
24
-32
-8
-42
-38
142
50
-36
-112
-180
80
-84
48
16
-124
-64
-4
-198
28
-154
-32
52
0
-14
-24
130
34
82
80
34
44
-104
28
-144
-134
14
-22
-46
8
238
32
74
-62
-8
58
-24
94
54
-34
-18
-142
-206
-136
-32
92
176
0
104
2
154
-126
0
204
-74
22
72
-8
90
50
-178
-60
10
10
-14
-32
-2
2
-222
0
-192
24
-138
-32
-106
118
-52
114
-166
-52
-144
120
34
-184
-70
62
18
62
38
-60
-48
-158
74
8
300
94
-78
174
40
44
-38
50
4
6
-16
-34
148
-122
104
74
2
-10
36
50
58
-64
170
-42
58
52
170
138
88
82
-64
126
92
-120
120
-74
80
-40
-162
92
-44
126
-36
214
-58
44
4
74
12
32
-10
-42
40
-204
82
-24
226
74
42
-186
36
-150
22
118
50
-32
-16
46
-128
-62
-80
-58
156
-64
-170
226
-40
92
-4
100
142
86
-182
-10
-60
8
198
142
-120
6
4
40
-30
-354
-18
-92
-6
146
32
-34
60
-70
0
54
58
152
100
-6
-114
40
220
86
-14
-84
-166
52
-178
-28
-82
122
94
-212
-60
32
210
42
-122
-122
-108
-168
-34
-106
-4
-88
24
0
6
-158
148
-224
32
-106
210
124
146
4
-62
-76
-46
-102
108
96
92
18
0
154
-96
22
-36
-36
-76
174
48
70
16
-204
36
48
-68
-60
38
60
162
-108
18
98
-94
-64
64
-42
80
62
-98
-44
-50
-82
46
-4
4
148
-32
-84
26
106
30
8
-44
-78
198
-104
-12
90
74
-42
96
-46
88
70
78
-72
46
40
148
44
38
16
-38
-112
-40
-132
112
-44
-18
32
-70
-80
-54
-160
44
142
22
66
-134
-12
12
-154
4
-10
36
-128
104
30
94
60
2
-66
-86
-110
40
-48
4
-22
-48
144
-30
-32
22
-54
-48
72
-6
112
128
168
126
54
52
112
-42
16
-128
-174
-56
-14
-10
58
32
144
-160
-6
-44
142
60
80
-102
-200
188
140
-62
124
40
102
82
-10
98
38
-20
-24
-182
48
86
-62
-96
12
-126
-118
-92
-32
2
-152
24
14
-6
84
-64
-30
-198
62
74
-52
-26
-148
90
108
24
-200
-26
-52
-30
-2
-74
112
46
16
160
14
-108
-34
-44
-96
-16
-22
-82
82
-98
82
-172
-96
-44
-56
-124
154
148
24
-64
130
72
-254
-88
-10
-46
-142
60
-50
58
72
80
-114
152
-128
78
100
-70
-118
-238
-34
-48
-42
34
36
-182
-128
36
-160
-82
36
-102
120
-70
-48
110
-94
126
-102
-40
-90
-156
-112
-50
96
-188
-144
210
246
36
30
14
-26
-2
-56
72
64
-108
-146
-112
12
76
-4
54
-132
14
24
-120
-30
-76
46
-54
-6
-228
18
-98
88
104
-200
-16
10
28
24
50
-28
14
242
138
-130
50
108
-26
-66
102
-98
210
12
58
18
28
-92
-6
-34
64
-26
-90
16
-216
-48
46
-152
-44
14
154
122
-154
92
228
-72
-116
-210
20
-78
-126
-90
180
34
108
-86
102
40
-24
-40
164
-2
114
-30
270
62
-16
-18
-34
-20
-102
-10
124
-64
-52
-88
-166
28
150
-10
-152
-176
-48
106
-28
-76
50
2
-16
-84
100
72
-176
-168
88
-98
-108
78
100
164
-92
16
54
48
-6
106
162
88
-12
-116
18
72
214
26
34
-74
92
18
50
10
-76
-18
-186
100
-186
-120
128
-194
-12
-46
36
48
68
-240
-126
-2
20
-118
50
-46
102
-22
-36
200
-10
-38
26
-110
70
110
62
-172
-68
-48
-80
-24
-108
-26
-2
46
72
58
0
-100
8
24
-90
170
-60
160
4
-74
180
42
-2
-50
-16
-2
18
24
20
118
122
16
6
64
76
116
148
-54
-38
56
-148
64
-50
-2
62
-68
-134
-150
-78
-150
152
-102
-42
-108
86
6
22
-38
-26
4
-22
-72
-8
-16
-86
-6
-148
-120
280
60
16
32
-44
80
138
-72
4
118
160
-146
-104
100
-142
-128
8
-162
32
-126
-88
-42
-110
12
-28
116
86
78
36
-140
-34
18
36
136
-88
38
144
-58
-94
-24
132
-126
26
-52
42
-100
-60
-138
-52
-212
-284
-16
-70
40
172
-30
-22
16
4
-112
-6
-28
-114
-8
86
6
178
104
110
-102
224
-88
-14
96
-52
30
-124
52
0
20
-34
-24
130
140
290
-42
216
54
-244
-84
-124
-88
-102
108
52
16
170
-88
82
28
0
174
-90
-138
220
154
-266
24
20
124
190
22
70
124
72
-46
74
-32
-12
102
-108
32
-152
74
-20
56
14
-278
-74
56
-102
-176
-130
44
172
-114
-82
150
-164
-68
240
144
148
-246
70
184
-52
112
50
108
-68
-216
78
100
-100
-42
32
-126
126
66
198
0
68
22
-36
68
-4
-184
-122
26
32
-104
0
30
-88
-148
52
178
-32
24
-104
-10
24
-36
-58
-4
-16
-84
56
4
70
-22
-70
20
124
-170
94
-56
-50
68
82
42
-26
-44
-132
-48
88
106
-100
-12
-108
136
-22
10
14
12
-144
108
-70
8
66
-60
154
-178
-88
-86
190
-168
158
4
-74
-8
-142
-52
230
-10
-142
186
60
-84
-110
4
98
128
74
166
-126
84
-56
-36
130
-18
166
-70
102
10
-126
12
78
-52
-100
-226
-4
130
52
142
118
38
-106
-90
74
-134
6
-190
164
-178
-26
-64
-94
-164
-164
-204
-24
-28
-212
166
158
-18
80
-92
-66
8
72
-36
-94
-76
-12
66
-50
20
172
-52
178
-68
-96
-10
124
-34
-6
220
-42
-12
-56
84
146
116
98
-244
-12
202
30
230
-110
120
24
58
42
56
156
-8
154
-86
-18
130
20
114
46
78
-44
92
-64
94
-156
10
-14
-152
-64
118
68
-228
-204
60
22
0
-64
-268
20
136
-98
-28
112
-136
58
-24
54
-88
-68
-36
-8
-12
302
76
18
-56
-6
-6
278
140
-130
-40
-134
-178
208
-152
-84
174
-44
98
74
-44
124
142
-36
80
-218
-2
122
70
-94
-126
-30
84
-86
4
-46
-64
-34
-38
-126
200
-26
162
114
54
-144
-42
-280
-8
180
76
84
-32
-104
162
8
-188
-28
-34
-66
86
-24
-24
236
-110
56
112
46
86
-136
-68
-64
-90
-38
-76
26
-80
102
20
62
-52
30
36
-162
34
-18
170
-172
-118
-24
132
90
-226
130
-46
-154
128
-86
-150
80
-184
-78
54
-154
-30
330
142
-14
-90
-36
20
-76
-66
0
-28
18
118
-80
-22
6
178
40
22
-56
-32
-64
-24
96
54
154
-52
-2
56
68
-116
-42
-156
76
100
-128
-52
-8
-104
42
176
78
34
-124
-46
-16
208
-66
-38
78
-122
158
-120
108
-28
104
18
96
20
-8
-90
18
228
-56
-28
110
4
-236
52
26
-26
2
116
100
120
-22
-12
-96
16
-34
10
-18
6
-106
-62
-160
-44
-2
-110
124
6
-86
126
62
-112
-90
82
-138
-80
-48
-54
28
-4
144
-38
-96
-68
106
94
-58
-50
-6
70
32
-14
-128
-102
-206
-80
-100
190
184
88
60
-216
-102
-50
-102
6
-250
208
102
170
-116
-94
174
2
70
104
10
104
-10
4
326
-138
-76
-112
-240
-50
-98
94
112
-18
36
120
86
20
80
170
-16
106
-122
-8
-38
28
12
-170
-220
26
-24
-34
-82
6
-92
96
-84
28
34
10
-46
170
-26
92
32
-30
-148
152
78
50
98
146
-136
-6
28
-98
-260
164
-96
-36
-28
48
-2
-2
-52
122
-108
-98
44
24
-2
64
146
-46
36
30
184
-70
-36
-68
0
-142
-16
-130
-60
96
-42
110
260
-106
-74
-58
2
-200
60
-226
-32
26
38
28
-138
106
18
54
54
114
-32
118
-180
100
138
-48
-10
38
76
-108
60
140
-104
116
6
-96
18
-56
146
-54
-8
100
88
-94
84
72
154
94
84
72
-114
-38
-78
-86
-164
140
-110
-92
66
-66
-10
-72
-128
6
-32
4
32
74
10
-108
210
46
20
-92
-32
-84
-90
-82
-26
134
28
-116
12
-72
-6
74
-68
116
-6
30
58
12
170
-44
-42
-112
288
16
-60
-102
-62
-44
24
16
80
-8
-24
-146
-48
-82
86
-60
96
-106
36
34
-62
-54
-38
-72
62
62
70
152
-42
-60
120
-164
22
6
60
46
16
-2
82
-28
38
38
190
-16
-90
-50
-10
-54
-36
-50
-72
100
50
38
-148
10
6
-136
-204
-94
-82
-8
26
-82
34
-154
-94
-12
76
-86
-278
-60
-2
-86
18
54
-118
-28
80
-76
-140
-26
118
6
-38
-54
8
10
64
-96
134
46
-88
88
-86
200
-8
-140
4
196
-200
-222
-8
70
-222
84
-12
-156
136
-38
-40
-50
6
46
-44
102
90
130
110
-64
-94
-36
-64
-18
-22
-216
44
-244
-114
156
-98
-74
88
8
-114
-68
50
116
-56
-148
46
-30
-144
54
-110
-16
10
90
-30
140
-42
-64
160
44
-42
-14
-134
152
6
140
-50
90
-190
-48
52
-100
-30
82
-20
-84
228
-38
-8
32
-18
-44
52
36
-36
-20
-104
-116
70
-4
46
-18
-48
-92
58
-54
-14
-118
64
12
-68
208
-10
-146
-48
8
-26
30
8
-2
60
-30
92
-28
-100
-16
14
156
66
-46
124
-46
-90
-48
2
-44
-50
52
-22
18
-10
-76
-112
-88
128
92
-62
-124
126
104
-72
84
88
-88
-22
110
114
-74
-106
-56
6
6
-56
0
-98
70
-86
-138
26
-124
-172
-4
-28
-58
-12
204
-60
144
32
-54
-40
-170
-48
-92
52
-116
-22
-110
194
48
0
112
-72
-52
-122
158
88
158
0
100
100
76
6
-144
76
98
28
-42
-152
0
110
150
264
-102
80
104
-60
78
-68
4
-22
108
118
294
22
4
-114
-6
-20
50
54
22
-84
42
-104
48
-130
20
-4
-10
84
-54
-36
-148
-54
-152
-198
-82
-92
-232
-118
174
-112
-120
186
114
-60
38
34
-166
-250
-86
20
104
-118
-124
86
-68
-104
-42
-18
-50
20
-38
188
-72
-124
180
-18
-12
78
-186
-182
66
62
-122
-102
-26
-66
116
-126
56
94
-48
140
-10
-62
-170
52
142
60
6
-12
-128
32
60
88
2
28
-24
0
-90
58
82
-106
76
42
118
142
54
-6
130
76
64
-54
158
-34
-54
-104
-62
36
-196
-54
-118
-34
2
118
-248
-100
-86
-60
-4
26
-108
54
146
-122
-116
-94
86
56
-174
98
-216
-78
-16
-68
116
-110
58
-16
-90
-68
30
-82
-58
-10
-82
-94
172
-40
-70
-54
-58
132
-236
-40
86
-40
-34
4
4
-22
-222
-30
-68
-110
4
186
-114
-44
128
66
-20
-56
-112
-114
88
82
46
8
-84
-146
40
4
12
-52
-48
92
-34
112
56
-8
78
28
-64
-68
38
120
-128
-36
66
-122
146
-156
16
54
-100
-68
164
28
130
-236
-8
202
18
-32
14
124
84
-122
-54
68
96
-60
-114
76
2
164
-24
-66
54
94
-138
70
-166
8
-38
140
38
198
-80
98
-124
-40
42
66
-16
34
132
22
20
86
38
134
-128
40
-22
84
54
-90
-26
-158
178
-94
68
14
30
-80
-8
-66
8
164
86
186
182
-146
52
-162
56
-182
-150
-156
-12
6
-70
-54
120
-136
-196
-48
-44
212
64
-16
-202
-72
-62
4
126
104
-24
-70
44
56
-98
-30
62
-92
142
-88
-96
66
42
-70
32
-12
-58
-18
-2
-100
14
-40
100
76
50
70
72
10
-92
134
120
-80
30
-34
-40
24
92
150
-170
140
154
-118
-192
62
46
36
-140
-66
52
78
98
-26
66
94
-98
8
102
-202
76
10
18
20
-58
-136
146
46
-184
-128
36
58
194
20
28
-204
-16
82
6
-62
28
42
136
20
96
166
-122
24
-4
-120
-52
-156
118
-10
108
-2
104
-66
-68
-138
-82
96
32
100
72
2
222
-104
0
-48
-30
96
64
-42
32
-92
-118
-30
-60
-46
180
-128
104
164
58
10
116
-32
12
84
-16
-4
96
20
62
56
110
-12
-22
-134
-138
-86
-74
-30
-66
18
-14
-10
12
48
-96
-230
66
150
102
-56
76
-58
10
-122
102
144
-94
-46
168
64
-10
-48
148
-18
-22
16
178
216
176
84
-28
32
110
90
-134
-190
148
228
44
-142
46
82
18
92
126
-72
242
-292
-66
170
20
-28
-6
-16
14
-112
-42
-68
-118
76
54
-2
68
-84
124
-6
-6
158
-70
58
14
52
6
-12
-208
32
-86
26
20
-28
-16
-50
-8
-32
-120
-68
60
-40
104
-108
-170
-34
-34
-20
42
-46
-228
48
102
-60
34
40
-86
66
44
-34
-132
108
18
-124
-140
-72
98
50
58
54
134
-16
-196
-28
52
70
-66
-54
198
152
-72
240
240
10
-106
78
14
-174
-4
38
-48
-206
-44
-138
118
-136
-20
64
12
-2
38
-130
110
-4
-84
44
198
22
74
-156
212
-110
22
28
2
-54
38
78
-14
54
42
-8
-76
14
-92
-20
104
-22
170
-50
-120
-14
114
44
-60
10
136
46
42
76
40
112
-8
-102
-122
-64
178
118
168
-276
128
-100
78
-30
34
80
60
0
6
18
94
-136
-24
132
142
66
-128
34
112
-6
-140
-78
36
48
10
16
146
-150
194
110
44
-54
192
-226
46
242
0
108
54
-182
-100
30
14
52
120
-80
6
26
160
-10
96
70
-24
36
22
-46
-92
-64
-22
-84
-36
14
104
-50
64
-16
8
24
-4
-56
96
52
-54
38
-10
-76
164
-106
-76
100
-60
-60
-64
-142
130
134
44
-40
30
202
58
-26
-72
98
-148
114
-98
134
-84
-22
-136
-106
-112
68
62
14
-166
116
162
-126
-60
130
230
-68
-180
-18
258
-62
172
36
-58
34
88
-6
-70
-96
-68
-172
20
112
64
-26
30
-68
-68
12
-142
64
-108
-40
96
-86
72
124
-154
16
80
22
66
-50
-104
142
-142
130
64
52
26
90
172
-42
202
4
6
-24
52
22
-28
-94
64
-132
-270
-64
-44
164
-132
136
-46
256
42
-14
14
102
8
4
-50
120
64
-22
70
-26
30
116
48
-168
-110
-48
242
136
-16
-142
42
-60
70
-72
104
48
38
26
-42
18
160
-4
220
88
-138
-10
82
54
62
-34
-232
-134
-34
-166
-140
156
-20
18
0
-42
2
-64
94
-106
-100
-92
-64
32
100
68
-96
124
66
-52
64
108
80
0
-44
-172
-100
-100
16
-2
-46
-44
-12
-52
-142
-98
-58
-10
20
48
-80
48
22
24
-130
-8
-2
-38
-32
-6
-18
26
16
-132
-136
-32
106
-30
68
-88
-140
10
14
-170
54
114
-86
8
136
42
102
140
140
180
34
-30
142
-20
102
-22
-36
-120
68
32
150
10
-92
-40
-142
78
20
94
104
-50
56
6
-152
34
-156
64
-22
38
30
134
-20
-160
4
30
-28
-110
-2
-116
-90
-232
144
-26
170
20
48
-128
152
-38
-112
-104
48
-90
72
-24
50
64
-200
-128
28
-66
12
76
24
142
94
-42
-90
14
12
152
-54
168
6
-90
162
-278
2
124
-152
116
68
-14
-6
-228
-10
90
210
-20
68
8
-32
50
122
-198
122
124
-184
-100
-4
138
-222
90
16
-130
176
-12
30
108
-4
-64
14
-38
42
-18
-20
96
38
8
2
96
-60
-108
-124
42
126
0
10
104
-54
0
-2
20
110
-28
6
6
-110
-104
-50
-24
84
-66
232
-10
-30
-96
-14
202
64
-62
0
-56
70
-66
-216
58
-80
-80
58
-50
-168
68
64
116
-180
306
98
-44
136
20
-174
66
370
-264
-44
176
-70
34
40
-194
80
-48
-152
-58
-36
18
38
-64
-138
-14
12
172
-28
24
-50
214
-46
16
-64
156
86
198
-74
-128
-104
-248
-190
-154
54
112
-38
8
-200
-82
-94
-74
-70
128
36
-28
-138
-64
50
94
-42
-122
-118
28
-100
-112
-10
112
118
-98
44
-88
108
94
-72
-130
-100
-102
164
144
-62
-70
-118
126
-48
-20
-90
-76
0
-128
8
-90
-102
-66
224
130
8
152
-214
50
90
178
66
-26
-18
34
68
60
54
-94
162
110
-18
-66
48
176
90
-58
196
94
-274
30
104
-38
-90
-116
-26
50
-124
-2
-24
-284
-148
130
94
106
16
-8
-54
48
68
-54
-248
38
-144
28
-138
118
18
-64
-12
34
-64
-76
104
-54
90
-48
58
-8
254
-90
-56
-86
176
-106
-6
-30
28
44
20
22
-22
-76
26
-216
148
-76
-20
-186
146
-112
58
-88
-8
-22
26
156
-132
-166
2
-110
-120
172
-56
76
-124
62
132
10
6
98
14
54
14
80
-28
40
-18
4
-186
-26
-22
-2
-8
-252
20
-96
-74
192
42
52
-104
-116
38
168
-86
-80
-38
60
30
54
8
-26
76
-138
58
-152
0
6
0
74
2
-2
204
-66
-32
82
-4
-18
4
-48
30
-46
160
230
132
-108
-18
92
300
128
-94
80
-42
-78
-72
-48
-84
52
-18
60
24
182
190
82
42
170
78
142
-38
-10
114
-104
62
124
124
144
124
-60
-44
28
-158
66
-22
32
0
-102
-128
-28
-106
72
58
82
12
82
172
88
148
-128
4
78
-62
40
-102
10
98
-144
-66
-264
96
-8
84
-32
68
-186
94
114
144
-68
100
-4
-40
44
2
102
30
-74
64
-6
-120
-26
34
-146
-8
98
262
132
-66
-134
40
-104
38
108
208
108
30
138
146
140
-140
140
18
6
10
-88
-38
102
150
-102
-10
-16
18
-28
22
-28
-104
118
-24
54
132
4
-106
-2
52
-160
-88
50
92
150
112
-62
104
-82
-86
-60
-182
-4
106
-144
-6
136
80
-56
-38
-88
-60
6
-118
-80
-140
26
-4
-8
-68
-64
54
92
-138
-178
166
-26
-104
4
-32
54
120
72
-24
22
-44
70
112
-52
26
106
38
-62
-146
-70
92
-128
-174
8
-66
-22
-212
70
-16
-22
-130
-50
26
-106
-70
76
26
-100
76
48
-42
-200
66
-106
54
6
-38
18
-210
74
-132
28
100
-16
188
-86
-146
-42
-4
-44
4
44
-102
52
142
-54
-10
-132
76
-22
144
18
74
2
-68
-104
-30
14
148
78
32
-154
-50
118
302
158
-196
-16
-6
28
-88
-80
-44
-10
38
40
-48
220
-98
198
48
-114
-40
-90
124
-50
-108
26
-72
-92
-96
146
-148
-186
136
182
-58
4
-88
50
54
-210
-82
2
-94
52
-98
-112
-94
-64
130
-100
-116
34
-234
-24
-52
-110
108
294
132
66
176
92
70
10
78
68
-54
20
-116
-144
18
-152
-140
16
70
-60
-202
-126
-150
162
152
-62
144
86
24
-60
14
-76
-190
128
34
-174
-140
-10
-8
58
-102
150
176
-118
74
-128
76
78
-200
128
16
98
-22
26
-118
-40
50
4
-10
168
26
170
-78
16
12
94
-12
-198
-38
-18
24
-100
-120
370
2
-142
-136
54
-28
-40
-82
76
222
36
-180
-4
-112
46
146
60
-30
-4
-36
-20
-6
-14
178
112
100
-76
16
-10
70
-100
192
-58
22
-226
50
-38
-24
-96
-162
-136
180
-184
-52
124
-102
162
22
-98
-96
-6
42
-70
42
-66
90
282
122
-52
-90
56
-24
-16
-94
-14
-74
44
112
-138
48
-144
0
-76
-10
4
-60
170
86
160
-32
-56
174
16
-50
-170
20
-210
66
-152
-68
-122
-150
-46
70
-30
-38
74
-154
126
-102
-24
-116
-184
158
192
-140
20
48
-134
62
-4
80
-164
70
26
-80
-40
-2
-118
-68
20
-140
22
100
72
-38
-112
-58
32
38
10
-16
-92
158
-84
18
126
-178
194
36
-48
-36
-182
88
-86
-16
122
-88
50
140
-100
234
180
-26
60
-154
8
-30
110
-74
14
-20
-42
112
-114
-60
-146
-6
90
190
-118
140
50
-14
62
14
104
6
-168
34
22
-182
-212
-134
-160
-120
-212
4
-110
-46
150
24
118
-116
-114
98
34
66
28
-34
30
-210
98
-22
-84
-2
52
72
-110
104
156
-222
-94
-28
100
-106
2
84
50
-28
-138
-44
-210
-90
-2
-64
-6
134
-24
-78
-72
-198
-36
0
-40
24
12
-14
216
-22
-48
126
46
152
-146
-192
18
-134
-106
110
-174
-116
-24
-24
152
44
72
10
-42
-88
30
28
16
-34
-246
-6
-12
-78
-92
-14
92
0
-112
74
-96
188
20
78
-50
-252
0
-108
4
-62
-32
62
12
236
24
-202
-52
100
118
26
-136
76
-32
14
20
-90
12
-62
28
-108
-10
78
-76
-150
-10
-18
-108
-210
28
-120
118
26
-2
32
-268
-62
-8
-74
-44
-52
-18
-226
-140
62
70
74
100
130
50
-4
-12
-48
-62
0
74
146
6
-100
96
86
-122
168
30
10
8
-34
-58
4
12
68
86
4
-94
-26
-22
-26
78
-54
-32
30
-76
-48
16
128
56
190
-198
-42
80
78
4
-58
-66
24
8
-182
26
90
-64
-64
-24
90
-50
38
32
156
-44
-76
-76
-162
28
-62
-138
-46
-78
50
-76
116
2
64
96
-48
-68
-12
-90
78
82
-12
82
84
86
-162
98
-32
-96
-12
-6
96
-240
-6
-96
-44
34
-54
38
114
-62
136
232
-96
-88
8
54
-38
-180
-50
32
-156
200
84
62
-158
40
-120
98
12
-204
-2
116
38
-14
-182
82
164
-22
-26
22
156
-58
14
70
-66
-94
66
168
64
48
-68
54
-48
14
40
98
138
32
-138
-62
-48
-64
-4
82
-36
30
-152
-104
78
-20
6
206
-42
-100
-50
26
148
-50
68
-10
-88
94
2
58
22
-104
50
148
240
-116
-116
-20
2
-14
80
52
-68
14
-102
44
74
72
26
14
-102
76
-94
134
-134
-138
-216
54
132
118
-52
80
-82
0
26
52
-56
72
-100
-104
40
-34
-158
118
-136
-42
18
-64
14
18
-86
-12
-156
-138
-194
-120
28
-40
-72
-118
142
58
8
-90
-86
186
156
38
182
8
124
110
-78
102
18
108
-54
-132
-74
12
-4
-10
18
-46
-106
-218
-106
-102
-40
-50
-50
-154
-30
100
68
-62
-74
72
124
110
18
-52
-38
70
-98
-54
134
-72
36
52
-190
-166
-36
-62
0
2
24
-6
-12
92
208
96
-104
-102
-156
-80
102
216
-130
112
52
-60
-40
-108
-20
-316
-4
66
58
16
34
248
106
98
-2
-80
22
84
160
-68
10
-42
-16
84
66
16
74
156
-110
258
-222
-46
-22
-24
-12
-78
-12
160
22
50
34
-6
-74
-98
0
-66
-48
140
-58
160
202
16
104
22
-30
6
-60
82
110
194
24
94
-40
116
-20
10
56
204
-216
18
-116
-48
144
-114
84
72
218
-114
102
-170
36
38
-86
-86
-28
-4
100
38
-126
-24
132
158
-56
-54
-274
8
0
14
128
162
104
-64
-94
80
-34
-116
10
66
-46
90
116
-114
64
-118
-34
90
-16
86
32
24
102
-72
-128
74
-114
62
-254
236
0
18
6
-168
-42
114
46
-102
48
88
-140
-70
50
-84
-34
106
124
4
70
20
-2
116
46
58
30
-50
-172
58
126
72
30
110
46
-88
-30
-72
42
-104
-32
50
0
192
74
-56
96
-64
-36
174
-14
72
-182
-236
54
-100
-70
108
38
122
38
-52
164
118
-2
-112
4
-196
66
-112
-14
-14
-92
-74
110
-132
0
-164
66
-116
0
222
-76
58
126
142
-16
246
-28
-34
-156
-196
-106
-90
90
200
-162
18
26
-192
-60
0
-16
14
170
-112
-86
142
30
6
-112
6
-58
130
90
94
-72
-50
-122
24
124
-118
166
38
-146
66
-62
-66
34
296
-46
4
-118
12
218
40
204
168
10
-40
-78
108
-42
-170
-12
-160
156
-96
160
20
52
186
28
20
248
74
36
-104
76
-192
150
34
88
-30
-54
182
126
-6
-58
-48
58
12
16
-58
4
-98
-88
-8
12
56
-138
56
50
76
-122
4
-28
-44
-52
-44
-32
-34
104
0
-208
118
-262
-46
-122
52
-154
146
-56
-14
-38
-22
154
-114
260
56
-56
14
-116
-88
-128
98
-42
286
-108
-12
88
130
-30
-60
178
20
-78
-30
-140
34
228
72
88
10
18
-30
-138
148
-130
90
16
-20
-28
210
60
6
-74
74
-94
-242
-56
-62
-26
24
-144
34
-188
92
-72
-86
26
-104
18
66
-24
138
16
-148
14
0
-76
-184
6
-188
116
126
46
102
-56
-70
-34
104
56
22
-130
52
-90
-76
136
-110
44
-90
22
-34
-8
-74
-66
142
160
272
38
8
104
98
64
64
46
90
10
-76
-108
-44
-54
-66
156
36
-84
-70
22
-78
-110
-86
50
-54
74
202
-20
-110
50
-204
8
-56
-104
-34
144
22
-84
-60
142
-52
-6
-100
6
38
18
98
-144
94
-20
94
-166
190
-8
56
36
82
8
-106
-148
12
-30
-12
68
-64
-94
0
148
-38
-58
154
-48
54
38
124
46
-30
-116
-60
176
78
20
156
-128
-78
226
80
32
-38
-110
-6
-82
-142
-96
42
32
-30
-34
-4
140
-68
-12
96
148
-42
2
-30
-84
-66
92
-86
-82
-62
74
52
-18
26
48
-10
68
18
22
-240
-192
-52
-196
-58
34
96
86
106
-108
-138
-40
-16
22
102
-64
30
100
116
174
46
62
-4
76
-8
34
-72
106
-114
-40
70
46
-38
-122
20
-138
-136
182
-84
-24
-168
-26
-38
110
-64
-118
-14
-2
-14
92
-192
28
-216
32
-22
-28
4
40
46
8
-52
60
8
222
8
-120
-32
-64
40
-30
106
-108
-82
34
54
-116
-24
-38
174
80
76
24
-78
80
18
56
54
104
-166
218
40
122
-140
56
200
-24
-80
-40
-40
34
90
64
-82
-14
-84
48
182
134
-110
-72
-8
40
-50
-8
-6
116
10
20
60
-68
36
22
-94
128
-158
80
-56
-72
154
184
-26
-42
-54
28
-42
0
-158
-90
128
22
82
32
194
-22
-36
2
-86
4
-166
120
46
-118
192
-232
-136
-18
88
-114
-170
38
-146
92
-32
-86
-92
50
146
206
0
-22
122
82
-98
26
-40
-116
166
-146
-56
16
-8
-48
-64
68
-28
-22
22
82
-26
-104
28
16
30
-80
-240
138
-184
130
-120
-86
22
58
-94
-34
-100
94
40
-34
122
-44
-42
0
-204
-54
54
42
-90
-78
-12
-368
44
38
40
-128
164
-34
68
-128
-8
76
6
-22
10
94
-26
56
66
142
-104
-42
274
38
-18
84
-142
-128
-92
-140
114
-28
-84
-76
52
-22
-96
-238
8
28
-64
54
54
-14
-130
-92
82
-112
30
270
38
50
-238
-10
12
18
-208
16
-18
16
-84
-110
76
24
92
-16
-192
0
-4
-22
-70
-32
182
-8
-30
-38
-8
-26
32
64
-182
80
208
-54
44
158
44
14
-62
-100
58
190
-2
68
84
-6
-50
-56
-152
100
-120
232
-72
-164
20
78
136
80
72
-92
136
-62
32
-20
-150
158
-174
-34
-96
-106
58
-176
112
48
-22
86
110
-118
60
-20
176
56
204
-70
134
14
8
-30
58
16
96
-136
-40
-64
204
-12
22
-42
-78
24
-112
2
104
-136
-96
-128
-92
-38
-12
-74
18
34
114
62
-166
-62
92
148
36
68
48
-46
-46
84
-16
-188
-64
52
96
120
-64
32
-24
14
24
120
-150
-116
36
-56
-18
102
62
-12
-148
-2
262
-30
-38
30
90
122
2
112
86
-42
40
-102
114
-18
40
-80
234
164
-182
-8
6
100
142
120
-54
170
158
72
40
-124
-92
24
-30
64
178
8
102
86
-90
-194
-60
30
6
104
266
-32
-28
118
136
40
-186
28
150
90
6
-246
-158
-156
52
192
-148
48
38
-14
50
-166
-172
196
100
32
116
210
-88
-32
-58
0
28
24
-114
-130
-128
-24
-250
6
46
114
132
-68
66
-38
64
-96
-84
-168
58
-54
-80
-18
32
174
-194
94
-192
38
116
58
50
2
64
-136
-36
24
142
12
-90
-82
-74
-264
78
146
-62
176
-48
-66
-70
-78
4
44
-10
-212
-108
28
138
-74
106
-10
-42
8
-10
-158
-62
78
162
-70
110
-10
56
-116
106
-50
-18
118
38
-80
60
-160
58
74
-48
-188
-14
-38
-78
-18
74
-156
-28
102
-112
-78
102
-240
-100
-80
-66
90
-162
62
-48
158
280
56
64
88
18
64
62
32
50
72
-76
-80
106
-38
14
-24
-92
-140
-58
162
-132
8
134
160
132
-160
84
-52
120
-36
38
-184
-4
96
-194
138
-46
-40
-94
70
206
-32
36
22
-80
-56
-166
-92
132
-92
12
52
-66
-86
128
-28
-90
-114
38
118
88
-32
94
-40
128
158
36
118
48
210
-62
-18
-64
-34
140
90
92
176
-72
2
48
-106
-112
24
-180
246
-40
50
-212
36
188
-138
80
18
-90
66
310
14
-74
-204
-106
164
-242
-96
-88
114
-112
52
56
-150
-32
-170
84
188
-48
66
42
28
-62
198
32
198
82
-124
26
24
-4
-92
98
92
28
136
-24
-18
10
-10
-24
-192
36
-20
-160
-122
-66
-62
36
268
34
88
2
94
60
228
6
80
36
-18
68
-56
-36
10
-188
-230
-204
18
138
108
-32
-10
48
-60
40
-124
-62
-156
80
-122
120
-40
34
-18
144
128
40
34
80
-54
162
82
2
-142
-66
-32
40
122
-112
36
-60
-82
-28
16
84
54
102
26
88
-74
56
88
20
126
-140
4
40
-26
48
186
-176
4
52
-90
6
-28
164
-54
-4
-18
-40
-158
-86
128
-156
-84
-130
-96
38
-32
12
-56
-40
178
-86
-94
74
92
-48
110
244
-102
96
-74
204
-8
120
126
110
-94
140
22
-94
-168
-166
58
-238
-18
-82
-44
-80
-12
-132
16
-134
174
44
212
94
76
148
-88
-148
122
38
76
-28
182
44
-144
26
-80
60
228
-8
186
100
54
-72
2
-14
-2
-70
2
110
106
-14
-36
-190
-56
-148
-308
114
64
8
-48
22
58
-108
-106
-38
-94
70
-28
128
-136
40
-60
64
-212
-72
50
172
98
-14
-18
130
56
82
8
152
176
86
130
-22
6
-24
-76
52
130
-106
-38
16
-46
190
-58
30
122
-36
-26
-54
-152
238
20
128
172
-12
154
62
78
138
16
-42
84
-8
-36
-58
52
-8
16
-66
-42
92
-42
-58
336
4
126
100
-26
86
28
-114
-28
18
174
18
36
-174
-156
62
160
-48
-162
-20
-10
86
202
186
0
-58
56
-18
70
224
112
86
64
156
12
-74
-164
-4
98
160
230
-162
160
-36
-84
-8
72
80
-74
26
-96
12
108
24
80
54
38
-30
-44
-16
-72
-102
-18
64
0
-50
38
-162
-130
-100
-54
36
82
-12
-88
150
22
-6
32
296
-100
166
-30
-48
-2
-6
-24
116
166
-58
-28
-8
-8
-4
126
82
-148
0
-10
96
-2
132
-62
24
-222
52
96
-22
244
-58
130
88
-108
258
-76
58
130
54
-194
-104
148
100
-104
18
94
-180
18
66
126
-106
-64
-88
-164
-8
88
148
-94
90
-74
48
-80
-64
248
96
82
-48
32
152
-42
-64
34
-4
-118
78
74
2
-124
166
-120
-16
74
-66
-198
138
32
-64
-32
-90
-32
4
8
100
178
-28
42
52
-140
14
-14
-54
36
98
70
16
-24
130
-14
-138
40
-50
8
-12
-10
-56
-8
184
-48
-68
34
108
26
64
36
122
-32
-112
50
-154
6
116
-106
-148
-10
102
-82
90
194
38
-22
-34
-10
-126
-64
-66
290
-54
20
-52
-12
62
-238
100
-60
114
74
-18
-84
74
12
62
-158
36
-8
300
-234
-22
36
104
-10
68
130
-8
-214
82
80
-50
-110
-110
100
-78
-36
-110
-102
2
100
30
-116
84
98
20
-182
40
-84
-32
162
110
-80
-90
-12
34
168
-44
-152
-86
-46
-226
86
66
-46
30
52
-122
-82
124
104
100
-116
-82
176
-6
-50
16
72
-32
124
40
194
-24
-16
112
68
32
-14
-180
-24
132
4
14
70
-84
-22
0
42
-68
116
2
-74
-36
-46
-4
-16
114
-54
88
108
-164
-20
-260
-32
-162
88
-232
-20
52
38
-60
0
88
-182
-10
32
-52
82
-58
-26
116
-40
110
98
-6
-72
-34
-170
-102
96
-80
-140
-4
-174
154
128
16
94
42
-166
-104
120
48
-4
78
-28
68
102
114
56
102
-236
0
-174
102
-46
26
36
38
168
-62
-38
-290
-78
-74
124
40
36
-160
38
-24
-16
50
4
-114
180
124
56
-10
262
14
8
36
-64
34
40
102
94
18
-28
58
36
-158
-188
68
144
-86
0
106
-26
-50
104
18
-74
64
-34
-20
-164
38
122
-12
-60
32
-24
76
-58
76
32
8
-18
-60
-6
-14
22
32
-194
164
-38
-64
-94
26
58
120
222
-4
-18
-206
-68
-284
-54
-74
22
-20
-140
34
-34
12
44
-92
18
200
-20
64
-8
142
88
-90
162
24
80
90
-44
-60
-140
-18
-96
-126
-172
-22
-26
-66
-34
-6
-28
14
56
32
-124
42
-2
138
58
-140
-12
20
2
86
206
2
16
-2
-48
-70
44
-142
66
-52
-102
-152
12
62
-102
76
-50
58
-94
46
-10
68
-144
-80
-174
-144
80
56
-18
62
-52
-38
-42
30
-30
-136
-16
-36
34
-114
-266
-188
-48
52
46
142
202
-32
122
-16
30
-60
136
-74
-138
152
100
-98
226
-14
-8
14
-8
52
44
-44
42
-142
-14
-138
-46
92
-190
-60
-84
92
14
-8
196
-72
-178
-124
38
24
-10
170
-20
-178
104
-138
68
-20
156
-16
-84
-172
130
-126
36
0
84
52
50
170
12
112
-56
-10
-84
88
-6
-18
-64
60
-266
-18
74
36
-188
22
56
62
32
26
120
88
6
22
-10
-6
-24
82
162
-216
146
-72
-102
60
4
-2
-128
-6
-132
40
-104
56
-38
8
-206
-16
-112
-102
-134
-92
198
46
54
-164
-72
30
8
-74
56
18
132
-134
-174
-122
60
-38
-116
-102
150
-106
-138
-146
-54
-58
-10
68
-50
62
88
-172
248
96
78
-56
4
52
76
-136
34
172
82
-130
84
-128
-44
192
4
10
172
-34
-8
-46
194
-38
22
120
120
-86
-30
-86
240
18
-198
-106
-104
-120
36
176
6
-68
-44
-78
-132
190
-38
-62
64
-196
28
-130
-166
26
-96
4
42
-226
-34
252
-74
-8
4
96
20
70
178
44
200
4
-96
-54
76
-4
-30
94
32
-12
18
88
-58
-52
-16
82
-28
-50
-168
24
-56
-24
-66
-78
-112
62
118
116
-146
-20
10
-22
168
-44
-138
58
58
108
98
0
172
-40
-44
-30
-152
130
278
14
72
70
-114
66
100
-52
56
-56
-34
42
-62
20
80
74
-64
34
142
114
-190
-96
92
-26
-142
-8
-24
-64
-156
-18
-100
44
54
-158
-162
-18
30
8
-106
18
84
-74
-156
16
130
0
116
84
20
-72
-6
30
-16
-14
-104
78
98
-86
-108
-140
94
204
96
130
72
90
98
18
-42
54
90
66
-116
152
-26
-36
122
-40
-166
106
30
230
-44
-148
-46
100
-144
-22
144
76
-16
-98
140
-46
-162
-98
224
84
-40
4
16
48
66
76
156
94
-8
-8
-18
132
-102
22
-178
38
-224
-122
-46
-52
112
-60
184
54
78
-48
24
4
88
24
-68
-88
-18
66
4
-162
130
76
42
-62
28
-68
222
-262
112
154
-206
168
114
62
20
-94
72
182
-118
-188
-202
-42
10
114
-26
42
62
14
-50
8
40
-164
106
-30
20
48
124
134
-50
8
48
-116
-42
100
-16
-224
54
-10
-12
68
38
-10
-22
134
-54
-54
-216
-40
42
-66
-86
-24
-66
62
42
-50
-2
40
18
-30
76
84
88
94
-138
-62
-144
-124
-20
224
-46
-180
-116
28
30
-30
226
190
172
-176
-72
52
-4
-22
80
-104
84
126
130
-86
-190
-88
-106
-24
110
30
-4
54
22
-92
90
-6
28
-152
20
-14
-90
0
32
-78
130
68
66
82
172
14
4
-80
-68
-118
-80
26
-142
-84
-26
-194
-28
38
-94
100
-44
-96
98
-64
120
-30
-68
116
82
32
82
98
80
104
8
-14
-30
-28
144
100
98
-196
22
-116
118
62
160
-58
100
-24
-28
120
44
114
34
264
-50
-44
-54
-40
60
-194
148
12
16
-94
-88
-40
-62
-58
32
-74
-86
-66
-108
44
-38
-22
12
-52
16
46
-26
126
44
-10
6
-16
-46
-40
80
-60
-86
174
-60
116
-22
26
14
106
134
-118
6
100
-162
104
134
-114
142
38
-112
60
116
-58
74
-150
-90
-96
-66
30
12
-78
-8
58
-104
-116
0
-94
28
44
-20
-16
78
62
-36
-136
-6
48
186
-70
-90
76
-28
62
130
96
-76
-4
58
4
142
140
88
-38
-12
62
-82
70
100
162
-34
194
56
-6
-26
-110
-2
28
-22
8
-104
-100
52
52
92
136
108
-72
-18
-32
64
244
138
172
142
134
42
-104
230
62
100
-160
-110
140
116
-28
-74
120
122
232
154
-166
32
70
34
10
-66
-18
154
26
-108
72
132
84
-162
-20
60
130
38
-18
94
-10
32
-94
-14
168
-46
30
-34
62
-118
248
-106
96
-84
-60
62
-54
-34
114
-2
78
-106
18
-22
112
18
-138
-98
154
-96
12
90
-42
46
-60
-106
120
142
124
48
-308
-74
-166
-14
22
-12
146
14
-2
146
50
32
52
-30
-22
0
-142
252
-4
32
18
-120
16
262
-40
-22
168
92
62
52
42
26
90
-22
-32
48
130
20
102
-56
26
-208
-136
-78
-14
34
-148
-80
-100
-112
90
-54
54
102
-20
-24
-156
-16
68
300
-88
18
-96
-80
-114
-68
-20
108
-56
-6
32
-214
-54
-20
-52
2
-66
-24
-28
116
-78
-208
-52
-38
118
192
114
96
-162
-132
38
66
92
-98
-98
-106
-58
248
-22
-48
-56
24
8
-2
116
160
-4
106
152
182
-116
126
-208
-60
-34
100
-112
28
118
134
30
22
68
10
48
4
126
24
58
-6
4
-40
-206
8
110
48
164
-40
-22
-100
234
-82
28
100
-68
-162
-96
-114
-28
144
74
38
38
6
14
44
8
-6
-38
-34
208
30
32
-142
120
4
112
-22
0
-6
-146
18
90
20
-12
-58
-50
108
124
-50
-80
62
-12
-26
-12
84
56
-40
106
-122
22
84
-108
-110
-36
114
108
-86
70
-224
34
100
22
-124
80
-282
-18
-70
10
-6
-142
-16
10
-40
76
-52
-6
16
38
76
-2
-36
-144
78
46
76
4
148
-106
78
10
-18
-206
-52
146
-112
-44
-64
22
176
-120
-88
-158
-118
62
-222
66
-70
-228
-162
40
58
-58
-50
-38
26
8
-28
122
-72
-66
-26
-4
-26
-198
-56
88
-60
78
30
-100
-40
-14
-74
100
182
50
-68
-134
114
-144
-70
-134
-18
-172
-4
-30
106
-44
4
-20
-18
6
168
-34
26
104
4
168
76
-56
142
66
30
90
-124
-156
42
90
-40
-26
70
74
120
168
-56
-16
-32
74
224
-50
140
54
-50
-10
-48
-22
12
52
-162
0
-156
-126
-8
128
-38
-60
-8
74
40
30
6
-34
-74
128
160
-180
120
50
14
-20
-230
100
154
16
-58
80
92
-64
78
-178
178
-34
40
128
-174
150
-118
-82
70
30
4
134
46
-144
-156
-74
-118
6
-112
2
-60
180
140
114
124
200
10
18
48
-48
-58
56
10
-84
-30
-10
60
84
32
212
146
130
110
-14
60
294
-98
62
10
-138
8
-32
-60
-64
0
-74
148
28
-114
-138
88
8
-94
132
-34
-6
-2
-50
-150
38
96
-82
-36
84
60
-24
58
-140
-102
-56
58
-12
-32
32
92
-200
-34
130
-170
-184
-80
30
106
-108
82
12
30
84
48
82
74
82
-60
-120
-50
-70
-196
158
82
4
20
116
-130
-74
-28
10
148
-138
78
-98
36
140
-26
-20
-32
102
-80
78
-106
64
158
34
-178
28
-4
-52
-32
2
98
212
-48
30
32
12
90
-156
108
-14
-40
44
-76
-202
-184
-140
44
-18
-82
-52
-58
6
170
-116
-44
-166
50
56
112
-160
-26
70
6
-88
70
180
30
-24
122
212
-62
-162
136
144
140
46
-36
-76
76
-162
-52
-28
-24
-126
58
64
28
-50
208
-78
148
60
-38
108
158
140
146
-64
-48
34
-110
-160
-82
-28
-86
10
-68
80
22
-34
254
-52
136
-10
-46
-56
70
74
-56
-144
-126
-34
-2
28
-70
-4
4
-144
64
-38
142
-70
12
-74
-128
0
-46
-98
68
-52
-30
24
-178
-114
24
-118
84
48
48
116
-102
12
148
-140
10
164
26
-16
194
52
70
52
120
52
-148
-46
136
146
-100
104
66
-72
50
-80
-26
2
88
-4
26
-40
-86
-120
-4
-230
216
-24
32
12
292
-88
-4
6
-122
118
-100
62
136
-46
-150
-16
-72
-78
22
104
88
120
60
112
20
52
100
-82
36
-138
-36
104
28
-54
-34
-48
16
76
28
-158
-140
-70
-18
184
16
-52
-170
218
30
100
32
-252
48
-212
180
124
20
72
-94
2
118
-134
30
8
-38
-138
-114
-50
-76
-82
-126
-18
10
32
-156
6
-118
24
134
124
14
-48
-8
0
-32
-4
78
-62
-74
138
-22
-10
-90
-96
-98
34
118
2
100
2
28
-44
68
-58
122
20
-32
110
-50
-28
-156
-100
86
-60
96
-158
206
-14
22
46
56
164
80
42
-6
148
56
60
-114
-84
162
32
60
-190
-38
36
198
-96
102
-22
-8
-78
-38
-94
82
-88
116
-8
-18
-134
66
60
110
42
-110
126
-240
-168
6
-14
136
-156
-214
110
-168
-90
6
86
-46
-146
-64
-112
-24
136
46
2
48
-124
-64
112
148
-80
-18
54
-164
14
-160
-12
142
-20
-70
52
-72
-18
-186
102
202
6
66
28
64
28
108
-92
-102
164
22
142
172
114
-96
36
46
-80
-98
-6
62
248
-76
10
-88
116
-116
64
58
-38
-2
-12
4
180
28
-26
-160
-2
-76
-24
-34
142
-60
-26
-60
-16
156
0
8
48
-32
120
22
-100
-12
92
-40
12
-88
-130
-8
-10
28
-16
-70
-46
6
-98
-18
-30
32
-72
-14
112
-58
36
70
8
132
-30
140
-68
-52
-56
-134
-92
88
-80
-82
190
-146
-100
-14
-8
-88
34
-2
-50
62
6
66
-110
150
68
20
148
88
-36
64
-4
18
18
-142
-32
162
-72
38
172
-54
248
136
42
128
-96
92
-146
-124
-200
12
-58
26
-12
-104
-98
-20
22
-24
-122
38
-182
16
-80
-30
-166
106
44
-76
-110
-68
32
126
90
88
212
-92
64
110
-92
46
-214
42
206
120
-88
170
-302
-12
-30
40
216
52
-6
84
-4
36
-104
122
62
-32
40
-98
-30
48
140
76
-6
140
-24
198
-72
-2
-38
-146
126
0
-8
-136
-210
212
-12
34
134
38
-122
42
66
-102
14
96
-32
76
108
-38
58
68
-30
-186
56
-80
80
-74
0
-152
-58
12
-90
54
-52
-114
80
152
-34
-18
124
-14
-82
138
-96
82
-100
-52
148
-182
-126
124
-42
72
0
58
20
-64
126
72
130
86
-108
-74
66
56
-60
-58
28
88
-88
-110
16
22
120
150
-130
-132
-36
40
-128
-82
138
32
-140
-198
96
-16
104
-152
316
-298
90
-116
-66
38
44
-120
-16
92
4
12
70
24
-96
2
-38
-98
52
-78
194
-80
16
116
-52
80
12
6
66
96
-80
-74
118
38
30
150
2
20
50
112
68
-60
-316
20
36
-280
142
-58
4
44
40
70
-52
4
4
108
-74
-10
40
-148
92
24
-60
18
-4
-276
170
34
8
-4
-146
34
-200
102
142
-184
-18
134
-120
82
-108
68
14
96
-54
-52
-44
-58
-168
142
26
124
152
-124
-100
-56
-110
-158
104
-104
-42
-38
-108
-20
-140
28
-40
-68
-158
-14
66
60
54
2
-66
-80
78
-158
-144
-126
-88
-48
-12
-66
-86
-18
-134
-4
28
30
-124
12
90
-80
14
100
106
-150
98
48
-52
4
-114
-186
208
-138
28
-76
-40
86
-226
42
78
50
68
14
116
-84
94
26
-226
126
120
124
2
-156
-236
198
-6
106
-44
112
158
136
-36
2
-2
164
32
140
118
130
-50
54
66
8
142
10
-34
90
-8
86
4
-136
-68
18
76
-112
-38
-172
-210
-98
-86
90
80
-50
16
72
32
34
-214
126
-100
-194
-58
-8
-24
-104
-70
-94
82
94
-146
-36
94
144
18
-6
-36
-112
-122
22
-134
28
10
48
-104
52
8
-80
34
72
-62
-52
90
-20
-138
0
72
8
-2
166
14
-32
230
-54
-78
126
142
32
4
-30
-80
10
56
120
-72
50
-140
-30
120
-138
-28
188
-104
-4
-104
88
10
-66
-82
26
-118
92
118
52
146
-94
-128
182
-66
-34
-108
-92
-86
18
2
-260
-66
158
72
-288
-14
62
150
-198
-74
20
-30
44
116
134
162
-74
-60
-152
-156
-130
-140
96
-92
56
38
-66
-116
50
4
-142
20
-114
-58
-142
-34
-52
-8
-80
104
-212
148
-226
-116
-162
16
56
-150
54
122
-32
64
-36
136
-26
-90
-46
-76
70
48
-22
-18
-38
-38
-34
18
-4
16
-100
-54
224
-242
116
-32
-68
-56
-10
52
124
-30
44
74
8
174
-42
88
50
-58
44
-218
156
-66
-46
122
-190
96
-32
-130
-34
-120
-114
120
32
-2
-18
-90
150
-144
-96
-40
-6
66
12
-72
42
2
-182
110
-64
140
-6
-96
-56
-68
2
110
220
84
-228
38
22
34
154
58
-48
26
0
184
-306
-46
74
42
-4
-26
-8
-130
22
108
38
134
-16
-24
200
240
-162
-94
252
-40
-110
-152
30
78
8
12
-100
20
86
-124
88
-54
-16
158
-24
40
78
-214
126
16
-240
180
84
18
-12
-72
30
-96
-204
-92
142
50
-56
50
-16
10
-110
176
18
136
212
180
94
134
22
-36
-68
102
-22
58
12
-98
-30
66
-56
-130
166
-156
6
68
-14
30
98
-10
44
-22
-186
138
22
-80
-124
-46
88
108
22
-16
-210
-106
60
-156
22
26
16
-138
14
-6
186
-178
186
282
90
-274
168
84
-42
-34
4
120
112
24
-34
-18
106
-102
34
-82
148
-82
38
30
-64
-12
212
238
12
108
78
24
-24
-26
-92
-120
-66
-12
-64
-92
26
4
-22
-68
74
-102
-148
76
-134
-52
54
-2
98
-74
-126
4
22
-4
-154
-6
-38
-4
-50
158
-70
-84
-80
106
-166
106
182
-114
-158
6
122
-150
66
84
-20
-198
-4
-144
88
-144
84
36
138
-28
48
104
-32
-54
52
42
104
30
-48
-50
102
92
172
-90
286
-66
-16
-26
96
84
134
-76
12
-62
60
-50
-16
40
-74
182
-80
126
-100
-78
-8
-224
-78
34
202
-148
220
2
122
18
-118
-28
152
-108
74
-154
162
-32
50
-106
-222
88
-22
-150
-212
-60
-86
106
-26
6
-176
110
-138
174
210
-22
82
52
56
-20
2
-10
132
-106
172
92
190
-38
52
-200
20
-122
164
72
-48
-142
164
-62
8
40
-98
126
-30
-116
126
-36
60
128
118
-8
116
32
2
2
34
-62
-16
-198
50
62
-12
-86
-14
78
-48
-142
-114
-156
-20
4
-102
80
80
-58
-120
-80
-110
-98
-16
-58
150
-54
-114
34
14
-16
94
-14
-44
-114
84
-44
208
-12
-50
-52
-148
120
-46
-42
-68
102
12
-150
-40
-74
-54
-110
32
30
-112
-8
178
48
126
-54
18
-32
186
32
72
-2
-32
158
-78
-64
-118
-56
-134
74
82
12
-108
-80
184
-164
-92
6
-52
-144
-28
66
-168
-28
12
78
76
-142
82
76
236
-40
-34
116
48
88
70
-166
-88
48
142
102
-136
108
-42
-174
0
140
42
-102
154
-210
26
56
-108
-36
168
-44
118
42
48
62
54
-22
-42
164
106
6
-68
-180
26
-108
60
66
100
-116
120
0
-26
134
-166
132
20
-48
28
-190
48
-6
8
-80
-12
-34
40
-102
-2
-16
-4
-240
70
-108
-172
58
-114
116
-72
-110
72
40
-70
-36
-152
-102
-18
2
-126
46
-32
82
-42
122
-112
-98
64
-84
-122
-116
-118
138
30
138
-66
90
24
80
56
12
38
-142
48
-92
64
0
-84
-10
80
94
-80
-116
-48
-96
-50
-52
90
84
-96
-144
-126
-44
-72
-160
-74
72
-150
-94
-110
-74
142
-50
150
94
-4
154
74
72
114
-132
-156
-228
-226
-68
-18
-32
-116
-48
-50
64
74
-28
64
36
-158
-14
-118
60
-100
-118
-294
-108
20
-14
110
-14
-22
-34
-82
46
104
20
8
-42
114
52
-94
54
-22
28
138
44
12
-14
62
86
56
32
-24
-36
-86
42
-30
84
-134
6
2
46
8
-124
0
108
76
66
120
-88
-188
26
48
-4
122
-64
-150
66
30
50
-86
-10
-254
166
6
0
-28
140
98
-36
-54
-34
-110
-40
66
106
-98
-204
8
40
-258
16
66
70
130
-116
76
14
8
-90
-50
140
24
20
-120
56
-2
-98
96
-76
-36
38
-34
42
32
-236
214
22
46
-114
82
-12
-28
-92
-212
-40
-6
14
-32
-116
4
-88
-22
-30
24
104
148
-16
-8
204
-62
190
-4
12
-46
88
-258
132
-24
4
-144
104
108
44
-58
-50
16
-72
-48
68
78
94
108
0
138
80
-88
28
20
-70
94
-254
-80
-36
46
166
-48
98
-94
18
-28
-86
-34
64
30
-52
92
136
-84
-104
120
30
160
-96
80
36
50
138
48
12
-56
-160
-66
-116
-30
-128
-48
-10
118
40
-44
136
22
-92
130
-36
40
-58
6
10
-48
300
-132
32
130
-80
-168
282
128
-28
-16
-244
68
80
110
102
16
98
146
14
82
0
-100
-14
-20
150
