10 0
20 0
30 0
40 0
50 0
60 0
70 0
80 0
90 0
100 0
110 0
120 0
130 0
140 0
150 0
160 0
170 0
180 0
190 0
200 0
210 0
220 0
230 0
240 0
250 0
260 0
270 0
280 0.005
290 0
300 0
310 0.005
320 0.015
330 0.025
340 0.005
350 0.03
360 0.1
370 0.06
380 0.065
390 0.155
400 0.125
410 0.175
420 0.225
430 0.285
440 0.33
450 0.35
460 0.385
470 0.435
480 0.405
490 0.48
500 0.51
510 0.515
520 0.565
530 0.57
540 0.635
550 0.595
560 0.665
570 0.73
580 0.75
590 0.805
600 0.795
610 0.795
620 0.805
630 0.805
640 0.82
650 0.865
660 0.855
670 0.865
680 0.885
690 0.905
700 0.91
710 0.92
720 0.92
730 0.925
740 0.93
750 0.965
760 0.955
770 0.99
780 0.935
790 0.97
800 0.97
810 0.97
820 0.97
830 0.955
840 0.995
850 0.985
860 0.975
870 0.965
880 0.99
890 0.96
900 0.985
910 0.985
920 0.985
930 0.99
940 0.99
950 0.985
960 0.995
970 1
980 0.995
990 0.99
1000 0.995
1010 1
1020 0.985
1030 1
1040 1
1050 1
1060 0.995
1070 1
1080 1
1090 1
1100 1
1110 1
1120 1
1130 1
1140 1
1150 1
1160 0.995
1170 1
1180 1
1190 1
1200 1
1210 1
1220 1
1230 1
1240 1
1250 1
1260 1
1270 1
1280 1
1290 1
1300 1
1310 1
1320 1
1330 1
1340 1
1350 1
1360 1
1370 1
1380 1
1390 1
1400 1
1410 1
1420 1
1430 1
1440 1
1450 1
1460 1
1470 1
1480 1
1490 1
1500 1
1510 1
1520 1
1530 1
1540 1
1550 1
1560 1
1570 1
1580 1
1590 1
